
	01843634021
	01724330961
	01927689157
	01684281533
	01303595328
	01689577688
	01765229009
	01521212638
	01794530020
	01521428876
	01521219534
	01846440053
	01866783557
	01919214111
	01951463977
	01611496418
	01521438557
	01997495804
	01834233361
	01791387015
	01858204686
	01861278275
	01748812048
	01310455447
	01745314343
	01521419597
	01775855448
	01731920290
	01750922874
	01741575424
	01715661531
	01858047274
	01758838444
	01557338468
	01626298544
	01816394369
	01625997661
	01678380114
	01521402031
	01930986252
	01914550383
	01995988873
	01755715654
	01733202506
	01763263097
	01521438672
	01521443808
	01521408959
	01782367373
	01521428733
	01521416349
	01795117072
	01798238205
	01843691874
	01902728120
	01839552302
	01791034276
	01727970954
	01521107854
	01765315347
	01715062858
	01521428774
	01797185861
	01711945233
	01521219120
	01861567737
	01838293209
	01536174925
	01794779794
	01913373406
	01686757024
	01864510094
	01827776539
	01521434032
	01713686611
	01688656765
	01785500291
	01715623951
	01722947212
	01521429884
	01759099000
	01853355578
	01770615081
	01879986293
	01998561074
	01964685912
	01832563501
	01591113608
	01813406002
	01521441839
	01915980030
	01859339636
	01869743153
	01752898448
	01521487070
	01973013569
	01521468840
	01521111094
	01537277844
	01521426825
	01741269102
	01521202034
	01961229150
	01828196263
	01685244853
	01515261139
	01521433575
	01986408168
	01716092645
	01733189401
	+8801521412878
	01703999003
	01770549277
	01703322607
	01521259993
	01708656538
	01622547746
	01818640386
	01632940340
	01521428627
	01521436122,
