1305120
	1305067
	1405040
	1405059
	1405069
	1405081
	1505004
	1605001
	1605002
	1605003
	1605004
	1605005
	1605006
	1605007
	1605008
	1605009
	1605010
	1605011
	1605012
	1605013
	1605014
	1605015
	1605016
	1605017
	1605018
	1605019
	1605020
	1605021
	1605022
	1605023
	1605024
	1605025
	1605026
	1605027
	1605028
	1605029
	1605031
	1605032
	1605033
	1605034
	1605035
	1605036
	1605037
	1605038
	1605039
	1605040
	1605041
	1605042
	1605043
	1605044
	1605045
	1605046
	1605047
	1605048
	1605049
	1605050
	1605052
	1605053
	1605054
	1605055
	1605056
	1605057
	1605058
	1605060
	1605061
	1605062
	1605063
	1605064
	1605065
	1605066
	1605067
	1605069
	1605070
	1605071
	1605072
	1605073
	1605074
	1605075
	1605076
	1605077
	1605078
	1605079
	1605080
	1605081
	1605082
	1605083
	1605084
	1605085
	1605086
	1605087
	1605088
	1605089
	1605090
	1605091
	1605092
	1605093
	1605094
	1605095
	1605096
	1605097
	1605098
	1605099
	1605100
	1605101
	1605102
	1605103
	1605104
	1605105
	1605106
	1605107
	1605108
	1605109
	1605110
	1605112
	1605113
	1605114
	1605115
	1605116
	1605117
	1605118
	1605119
	1605120
